34.74
34.70
35.49
36.12
36.59
36.68
36.52
36.72
36.87
36.75
37.21
37.01
37.01
37.20
37.18
37.10
36.86
37.12
36.98
39.17
37.11
37.35
37.01
37.68
37.46
37.22
36.96
36.90
36.93
37.42
38.51
38.20
40.43
38.45
46.47
38.38
38.62
38.83
38.66
38.48
38.60
38.24
39.84
38.46
38.40
39.28
38.35
38.36
38.35
38.38
38.82
38.40
38.27
38.12
38.13
40.28
38.59
38.45
38.28
38.58
38.20
38.10
38.24
38.23
38.18
38.32
38.19
42.76
38.27
38.21
38.85
38.01
38.32
38.75
38.36
38.05
38.89
38.33
38.35
38.39
38.48
38.11
38.70
38.09
38.61
38.14
38.51
38.81
38.36
38.31
