34.47
34.45
34.68
35.43
36.27
36.04
36.44
36.53
36.63
37.15
36.70
36.91
36.76
37.01
36.97
37.09
36.77
36.80
36.87
36.94
37.23
36.84
36.67
36.73
36.72
37.82
36.95
37.09
37.34
36.97
37.12
36.88
37.00
37.11
37.97
37.36
37.95
37.47
38.01
37.45
37.71
37.30
37.23
37.52
37.99
37.20
37.97
37.92
37.71
41.91
37.81
37.34
37.23
37.98
37.26
38.21
37.18
38.06
37.70
37.70
37.23
38.03
37.75
37.89
37.47
37.52
38.25
37.21
37.33
37.12
37.28
37.40
37.30
37.59
37.56
37.55
40.51
37.47
37.85
37.78
37.53
37.48
37.23
37.48
37.41
37.31
37.64
37.54
37.52
37.40
